*BEGIN_DEBUG_OUTPUT*
83
12,18,30,46,49,86,186,191,224,307,325,337,377,394,429,436,641,701,703,705,719,727,866,877,919,921,967,977,992,996, 5790
10,29,40,79,163,174,187,223,252,277,279,328,345,440,485,497,636,726,733,744,791,803,822,859,869,876,893,947,979,993, 5797
7,37,38,69,88,157,170,185,231,302,308,331,343,358,388,495,669,706,766,848,882,900,906,909,930,961,964,965,968,984, 5798
0,21,110,120,125,127,253,267,352,354,362,363,370,377,508,524,536,642,675,679,697,715,753,786,788,828,850,887,902,980, 5800
0,21,110,120,125,127,253,267,352,354,362,363,370,377,508,524,536,642,675,679,697,715,753,786,788,828,850,887,902,980, 5800
14,44,81,95,97,285,286,321,326,337,398,399,406,435,436,446,503,517,679,687,694,699,756,757,783,883,944,945,947,957, 5801
17,113,133,141,181,222,233,268,319,372,393,412,415,432,447,448,525,670,732,737,744,784,808,809,828,845,931,980,985,996, 5802
0,42,85,123,127,138,204,241,283,319,322,335,343,354,390,464,472,649,699,712,715,738,748,751,762,769,784,857,948,975, 5807
0,42,85,123,127,138,160,241,283,319,322,335,343,354,390,464,472,649,699,712,715,738,748,751,762,769,784,857,948,975, 5808
5,25,44,72,88,156,206,219,230,255,292,315,368,379,414,535,666,691,729,737,785,789,807,808,858,866,929,943,964,990, 5810
59,122,165,172,175,186,207,234,312,339,348,358,391,420,433,524,530,638,649,715,735,788,811,819,847,892,900,922,950,978, 5812
11,36,47,77,100,141,155,238,241,271,303,378,388,418,431,528,637,694,725,775,797,805,810,837,854,885,886,909,945,967, 5813
13,30,46,60,75,123,168,170,186,224,225,232,235,248,276,542,547,646,680,684,707,730,751,800,814,873,900,908,934,946, 5818
16,124,129,140,176,178,224,250,382,385,407,422,429,468,513,535,539,644,651,733,746,754,799,840,902,925,943,961,982,993, 5820
11,14,76,97,207,221,249,259,319,343,348,377,471,476,498,518,529,651,657,659,675,721,729,799,804,812,822,874,935,992, 5820
11,14,76,97,207,221,249,259,319,343,348,377,471,476,498,518,529,651,657,659,675,721,729,799,804,812,822,874,935,992, 5820
27,46,100,112,154,225,234,237,261,281,396,415,438,447,450,488,539,675,677,683,695,724,803,820,844,927,931,936,945,957, 5824
27,46,100,112,154,225,234,237,261,281,396,415,438,447,450,488,539,675,677,683,695,724,803,820,844,927,931,936,945,957, 5824
21,26,149,203,228,248,262,283,314,341,362,381,403,438,511,516,523,527,661,717,765,779,787,809,903,956,967,970,974,991, 5829
21,26,149,203,228,248,262,283,314,341,362,381,403,438,511,516,523,527,661,717,765,779,787,809,903,956,967,970,974,991, 5829
2,7,22,38,79,105,188,195,223,231,268,270,540,558,605,633,637,674,675,683,689,693,759,798,831,836,866,939,941,993, 5829
5,10,36,120,134,155,215,220,327,379,393,398,412,454,478,531,533,645,700,726,780,783,792,851,855,892,942,965,978,994, 5842
17,55,100,120,154,198,210,224,234,260,261,288,429,454,468,500,506,656,660,733,758,786,799,841,845,869,879,917,927,992, 5849
1,47,63,82,131,137,210,237,289,321,356,364,377,479,481,487,505,640,679,708,728,775,777,792,897,899,919,956,962,966, 5850
71,99,119,142,220,222,253,290,291,360,375,393,472,479,497,507,524,528,658,662,690,735,738,814,826,882,904,920,947,976, 5851
42,48,118,123,150,215,227,229,306,330,345,363,365,454,474,492,507,533,536,654,704,717,750,760,840,861,928,934,979,980, 5853
42,48,118,123,150,215,227,229,306,330,345,363,365,454,474,492,507,533,536,654,704,717,750,760,840,861,928,934,979,980, 5853
42,48,118,123,150,215,227,229,306,330,345,363,365,454,474,492,507,533,536,654,704,717,750,760,840,861,928,934,979,980, 5853
42,48,118,123,150,215,227,229,306,330,345,363,365,454,474,492,507,533,536,654,704,717,750,760,840,861,928,934,979,980, 5853
67,172,175,192,219,243,253,261,290,298,358,423,437,456,478,521,523,528,658,722,735,745,794,806,865,874,884,905,953,957, 5855
31,53,85,113,158,159,186,211,250,259,280,361,421,449,472,496,501,672,705,723,728,739,776,817,830,902,922,926,968,994, 5858
33,54,60,105,124,186,216,303,315,349,358,360,372,385,403,428,512,520,735,739,757,778,813,829,850,878,926,930,934,967, 5859
40,67,71,127,133,142,253,312,348,407,412,416,426,459,460,467,486,503,652,693,694,751,789,800,815,859,942,951,974,998, 5860
22,72,80,96,114,194,197,205,251,252,306,323,369,378,422,445,527,671,721,724,728,763,771,820,874,911,930,956,962,976, 5864
13,26,75,76,93,135,136,143,174,181,287,354,409,415,457,483,500,680,682,720,725,745,765,784,806,889,904,930,948,954, 5873
42,152,169,186,202,214,256,261,317,339,398,475,484,487,489,498,502,533,639,689,711,759,792,816,830,843,875,889,958,977, 5873
13,29,30,42,55,58,115,122,125,159,171,201,211,215,553,616,634,643,659,705,716,734,755,766,806,847,887,901,934,938, 5878
1,12,14,15,21,110,165,203,283,284,305,320,365,412,454,465,517,537,705,730,744,755,785,844,856,862,875,883,954,974, 5880
3,10,31,37,45,84,155,194,197,235,243,255,270,548,553,592,633,661,707,754,757,779,809,897,904,920,922,952,974,992, 5881
46,75,173,180,194,195,228,246,296,302,344,396,407,445,447,458,462,510,684,739,777,792,858,880,912,915,969,984,985,986, 5882
0,20,30,42,59,71,75,77,134,153,164,215,217,220,544,564,580,643,658,667,676,704,748,749,791,818,869,934,965,989, 5884
20,49,51,64,141,167,181,215,222,324,333,344,362,396,485,513,533,535,682,710,745,753,762,825,868,891,898,921,987,992, 5885
20,49,51,64,141,167,181,215,222,324,333,344,362,396,485,513,533,535,682,710,745,753,762,825,868,891,898,921,987,992, 5885
26,63,102,135,147,210,229,232,290,300,328,330,366,431,459,512,535,538,636,685,690,696,714,782,812,847,923,931,943,967, 5888
36,41,47,85,104,126,129,130,143,209,233,249,257,547,611,630,632,667,698,705,709,717,821,825,828,891,941,952,985,996, 5889
37,43,60,73,123,127,165,176,198,200,215,239,242,251,252,547,593,599,665,685,712,719,754,755,827,829,844,848,915,918, 5890
37,43,60,73,123,127,165,176,198,200,215,239,242,251,252,547,593,599,665,685,712,719,754,755,827,829,844,848,915,918, 5890
8,9,19,20,82,125,197,269,307,318,363,373,418,429,488,513,520,521,672,715,753,755,782,799,815,914,932,943,976,981, 5891
35,54,72,124,166,192,239,253,301,308,311,319,345,353,376,384,401,441,758,791,812,813,814,822,873,925,928,950,965,987, 5892
13,95,145,181,182,185,218,224,258,301,308,311,347,370,456,462,491,500,722,772,777,795,871,881,900,913,931,944,964,984, 5893
10,17,41,78,81,97,166,294,336,356,357,375,381,400,401,428,526,537,538,646,697,741,756,760,776,814,832,833,872,982, 5907
42,60,74,79,95,100,188,227,228,246,282,417,432,461,472,506,512,532,679,718,791,874,878,906,922,932,933,940,978,986, 5907
10,17,41,78,81,97,166,294,336,356,357,375,400,401,428,462,526,537,538,646,697,741,756,760,776,814,832,833,872,982, 5907
56,88,118,132,167,172,247,258,275,372,407,411,433,437,453,520,524,526,639,661,662,666,706,728,830,862,865,912,955,974, 5908
12,34,54,141,152,166,199,258,262,278,325,355,356,368,369,412,428,506,636,660,676,715,725,763,793,855,938,955,970,977, 5912
46,81,88,106,115,162,180,221,255,388,391,392,425,466,490,494,497,519,639,674,747,760,777,794,882,932,942,972,982,987, 5914
15,32,49,71,80,128,161,162,169,188,189,200,211,262,264,540,610,623,691,692,694,702,710,729,739,846,903,910,962,976, 5916
15,32,49,71,80,128,161,162,169,188,189,200,211,262,264,540,610,623,691,692,694,702,710,729,739,846,903,910,962,976, 5916
21,31,34,104,136,144,185,249,269,272,284,296,361,402,429,451,490,510,648,685,775,791,817,841,900,904,966,973,976,996, 5936
21,31,34,104,136,144,185,249,269,272,284,296,361,402,429,451,490,510,648,685,775,791,817,841,900,904,966,973,976,996, 5936
65,71,87,115,124,133,205,292,309,339,381,395,419,425,433,501,521,522,523,536,728,758,770,771,819,829,889,956,984,994, 5938
11,54,67,80,120,137,139,168,169,201,217,250,252,257,266,566,626,631,660,678,692,755,780,781,798,832,893,930,974,977, 5941
27,42,56,104,108,124,166,172,190,209,235,260,383,400,410,432,494,524,644,670,684,692,753,763,812,882,902,917,940,949, 5946
35,88,92,116,129,133,136,170,229,259,265,286,312,315,350,382,461,473,643,672,739,796,797,836,840,859,860,871,882,883, 5946
9,26,74,76,89,133,142,158,171,180,194,271,352,354,359,478,516,527,649,672,678,744,789,803,818,840,844,851,863,980, 5947
38,79,88,131,145,201,203,217,278,356,371,390,395,400,453,472,513,536,538,646,703,773,814,825,877,885,889,910,937,945, 5948
37,46,51,83,133,135,170,182,210,221,225,332,399,436,447,478,492,516,652,683,778,793,794,800,823,826,855,919,925,991, 5950
41,81,90,124,203,222,259,270,281,359,382,416,444,453,468,497,502,504,505,704,720,726,797,813,818,873,918,942,950,955, 5952
3,50,97,106,124,135,145,146,149,178,233,310,314,390,420,435,472,536,653,686,690,709,714,734,743,761,793,879,887,947, 5952
17,38,64,200,201,206,221,262,268,283,330,349,402,419,421,427,441,459,517,669,686,766,781,784,841,847,892,913,980,981, 5959
43,48,112,119,121,141,169,199,219,244,336,341,368,421,471,477,504,520,528,707,756,765,838,849,864,868,885,913,938,980, 5960
43,48,112,119,121,141,169,199,219,244,336,341,368,421,471,477,504,520,528,707,756,765,838,849,864,868,885,913,938,980, 5960
2,39,79,115,129,200,212,243,301,325,334,342,383,400,416,422,498,515,525,649,651,653,709,760,807,823,846,849,850,936, 5966
4,10,48,64,95,137,147,202,229,240,256,261,262,550,566,595,623,634,723,761,764,782,788,796,799,848,916,941,949,975, 5969
4,12,13,18,25,95,123,152,158,160,218,219,250,256,572,585,616,632,636,681,751,793,801,844,864,872,918,936,952,963, 5972
38,48,86,134,135,165,171,195,233,265,311,321,323,349,491,508,509,511,520,648,665,707,708,732,770,786,844,906,923,968, 5988
74,88,104,114,135,164,181,208,270,279,376,415,422,432,447,453,454,496,521,528,539,666,690,739,750,755,836,874,981,997, 5991
74,88,104,114,135,164,181,208,270,279,376,415,422,432,447,453,454,496,521,528,539,666,690,739,750,755,836,874,981,997, 5991
74,88,104,114,135,164,181,208,270,279,376,415,422,432,447,453,454,496,521,528,539,666,690,739,750,755,836,874,981,997, 5991
3,6,9,15,32,40,62,71,111,135,146,153,198,243,254,569,571,581,701,720,761,771,782,796,851,877,885,898,922,942, 5994
22,23,72,88,103,156,185,244,293,312,330,356,373,377,378,385,430,448,500,515,655,701,709,755,782,785,836,891,972,986, 6007
22,42,46,54,74,106,154,190,199,237,270,291,320,347,410,484,485,519,520,680,721,762,769,815,821,837,841,902,944,960, 6008
16,17,25,43,79,97,166,181,188,266,308,314,333,399,402,408,509,519,525,655,664,709,789,889,899,924,943,962,965,984, 6008
5,30,34,96,144,158,204,240,256,260,305,328,338,371,373,468,491,506,517,667,695,721,758,785,801,836,895,949,955,965, 6009
26,37,67,108,109,117,164,171,186,207,216,229,250,269,616,620,624,627,628,635,646,727,776,782,807,819,822,845,878,890, 6015
26,37,67,108,109,117,164,171,186,207,216,229,250,269,616,620,624,627,628,635,646,727,776,782,807,819,822,845,878,890, 6015
10,52,76,91,100,103,112,162,232,253,271,421,453,458,464,480,513,526,529,662,666,695,700,731,768,845,849,868,880,950, 6019
19,47,49,61,70,111,135,172,196,226,274,293,310,315,336,441,469,502,519,739,748,800,819,835,856,885,887,905,917,983, 6022
23,62,74,94,96,132,168,188,212,242,267,306,308,332,373,378,450,461,519,703,769,814,819,829,852,870,888,956,957,973, 6025
31,61,69,87,111,130,171,224,248,274,277,346,365,380,391,419,423,502,518,676,717,733,737,779,794,854,855,901,923,954, 6037
5,24,100,101,110,120,159,189,241,243,253,274,332,350,383,385,456,511,531,641,690,748,789,810,833,836,877,898,949,997, 6041
25,30,62,101,145,163,168,243,247,282,292,341,396,496,507,515,519,532,535,539,645,665,669,681,736,740,745,782,785,839, 6043
20,25,92,107,119,138,209,224,263,310,341,353,406,424,483,511,518,525,526,532,640,734,739,775,805,830,898,919,961,984, 6053
10,22,73,92,132,141,205,206,272,285,294,310,342,364,403,404,412,435,483,512,524,680,691,722,744,750,803,865,945,984, 6065
10,22,73,92,132,141,205,206,272,285,294,310,342,364,403,404,412,435,483,512,524,680,691,722,744,750,803,865,945,984, 6065
27,30,46,57,63,66,82,123,140,151,171,204,252,255,272,293,329,380,462,517,645,680,700,713,755,772,900,960,964,992, 6113
10,22,42,43,45,80,94,99,112,140,152,166,183,188,242,273,278,586,587,607,629,641,703,704,764,834,847,911,939,979, 6182
6,25,63,89,90,94,132,133,145,164,172,183,194,223,231,562,571,605,609,629,632,664,670,710,712,910,939,967,983,992, 6208
22,31,38,43,49,65,71,115,158,171,225,236,248,265,544,577,583,584,612,617,620,623,653,710,789,799,808,812,817,983, 6260
54,56,73,96,100,102,135,148,153,171,193,201,232,237,251,271,276,550,572,573,575,598,617,643,707,732,736,890,901,913, 6284
Average fitness value: 5922.04
*END_DEBUG_OUTPUT*
